"a1","a2","a3","a4","a5","a6","a7","a8","Class"
-74,98,25,30,-11,34,67,35,"TRUE"
-42,-87,24,88,71,74,87,-74,"FALSE"
-44,72,23,-67,20,33,75,-60,"TRUE"
-75,-88,-59,29,-92,-27,-61,-43,"FALSE"
-41,69,-9,7,-24,-10,-6,-7,"TRUE"
-36,23,-2,-65,0,66,-8,-10,"TRUE"
44,-13,-30,0,85,42,23,-3,"TRUE"
-33,-24,32,-88,-7,-60,69,-54,"FALSE"
94,36,-69,47,-88,-70,-61,69,"FALSE"
63,53,25,49,-56,85,-8,-72,"FALSE"
81,53,-81,10,32,-34,56,-96,"FALSE"
81,-56,61,-94,-69,76,-40,-51,"TRUE"
25,85,-21,-32,-98,-36,-57,3,"FALSE"
87,48,-81,-57,-58,94,68,-7,"FALSE"
-22,-33,97,15,45,-54,-59,6,"FALSE"
46,-2,47,64,-91,-61,7,40,"TRUE"
23,-3,-14,-61,-28,39,-16,-19,"TRUE"
-84,47,-36,-68,2,62,46,-62,"TRUE"
69,8,-44,7,35,3,21,16,"FALSE"
43,-52,84,-46,27,-42,-67,84,"TRUE"
-5,-30,-48,32,-89,20,26,39,"FALSE"
-30,69,-16,-59,-3,-75,64,28,"TRUE"
98,85,-35,-6,-36,6,41,1,"FALSE"
-1,10,-73,68,-62,-25,80,-87,"TRUE"
-30,-69,-41,19,67,-61,73,41,"FALSE"
39,85,98,5,38,-79,-41,-96,"FALSE"
-87,-36,50,31,-31,-93,46,97,"FALSE"
61,86,-28,92,85,60,-62,38,"FALSE"
1,-13,73,-56,37,-75,38,-82,"TRUE"
-69,17,-99,-83,79,85,-93,-84,"TRUE"
-87,-21,-48,19,-81,96,-52,-85,"FALSE"
-48,8,59,-86,83,6,49,96,"TRUE"
-33,-27,-49,98,-65,68,73,-98,"FALSE"
4,-71,52,-83,15,-61,1,34,"TRUE"
41,31,49,-37,-69,-47,21,13,"FALSE"
-46,-2,-32,31,84,-70,-52,63,"FALSE"
42,-28,-4,19,-12,-95,-80,23,"TRUE"
-93,68,-78,66,-43,-34,5,52,"TRUE"
-29,-68,-95,99,-99,-12,78,37,"FALSE"
98,91,-25,-64,44,-80,24,-4,"FALSE"
93,32,36,-12,73,36,18,-64,"FALSE"
-44,-16,87,69,92,-73,84,-75,"FALSE"
61,-28,-28,-89,-11,-7,-73,-56,"TRUE"
-82,12,-92,82,-10,-69,63,-60,"TRUE"
-27,100,44,-68,69,6,30,0,"TRUE"
-55,-35,31,94,58,98,-15,91,"FALSE"
-97,95,87,3,62,-25,97,10,"TRUE"
67,-71,0,71,-34,-48,-33,64,"TRUE"
-24,23,19,-43,-28,99,59,-70,"TRUE"
-35,24,-52,49,100,12,68,-16,"TRUE"
18,-8,89,-96,-48,19,69,-40,"TRUE"
54,89,-20,-45,74,-26,15,-22,"FALSE"
93,-94,19,36,-4,-40,48,-9,"TRUE"
14,-59,7,94,38,50,33,76,"TRUE"
-20,18,-59,-23,2,-96,-7,78,"TRUE"
-96,-25,89,40,-59,-76,-42,-46,"FALSE"
62,-41,46,-98,81,28,-50,-82,"TRUE"
-85,26,75,23,-37,13,31,10,"TRUE"
6,24,-72,26,99,96,11,-60,"FALSE"
91,35,89,14,51,76,-35,-93,"FALSE"
-57,32,-67,57,67,6,68,-13,"TRUE"
-92,17,-16,-82,-78,53,2,-41,"TRUE"
-12,35,-81,-24,-10,79,-9,88,"TRUE"
-80,-27,26,58,-74,89,8,68,"FALSE"
-58,97,-59,-1,-47,-79,-41,-18,"TRUE"
36,97,93,-91,-42,39,98,-89,"FALSE"
49,22,31,-3,-92,-73,75,6,"FALSE"
68,20,28,16,-99,-86,70,-48,"FALSE"
-48,-27,31,-21,78,75,-26,-65,"FALSE"
-35,44,56,47,-47,-26,-14,-70,"TRUE"
27,-6,37,-85,-14,22,95,-65,"TRUE"
60,-41,-42,68,-16,-94,-34,36,"TRUE"
-23,63,93,62,-25,0,76,-2,"TRUE"
-65,55,-1,52,95,-72,-40,-21,"TRUE"
-12,-48,-24,-15,89,59,-95,-43,"FALSE"
-60,-74,-17,-12,-22,-23,-56,-18,"FALSE"
55,-76,57,85,-21,81,27,39,"TRUE"
68,-74,9,-71,88,18,25,-29,"TRUE"
83,91,-29,-81,-62,13,-19,23,"FALSE"
-90,8,76,68,8,0,-10,-74,"TRUE"
5,10,-47,-26,-93,93,67,43,"FALSE"
-40,91,-3,-90,21,-91,8,48,"TRUE"
-1,-92,-96,-32,-87,-63,-41,40,"FALSE"
77,-36,56,-11,12,28,-41,87,"TRUE"
-47,-87,35,8,-71,35,-40,65,"FALSE"
48,-74,-2,-67,11,-31,23,98,"TRUE"
-90,23,50,41,77,-78,90,-68,"TRUE"
40,41,-7,-26,-4,-40,37,-86,"FALSE"
-32,-48,-63,15,23,-73,-50,52,"FALSE"
18,80,-48,69,65,-61,-83,-98,"FALSE"
34,95,-65,11,42,43,4,-12,"FALSE"
64,-84,-59,39,91,-88,53,79,"TRUE"
29,80,-25,89,58,-43,22,40,"FALSE"
-61,96,-15,-24,41,-10,-32,2,"TRUE"
-40,-40,83,78,41,92,86,-75,"FALSE"
-26,-58,-22,-9,-99,38,10,83,"FALSE"
-55,-31,20,96,8,-1,4,37,"FALSE"
25,-37,77,-26,-60,-82,-11,42,"TRUE"
-16,-38,-75,56,42,27,82,44,"FALSE"
-42,-2,97,-99,-25,-11,0,-80,"FALSE"
22,-92,50,-14,47,11,89,36,"TRUE"
8,-76,-17,-59,-70,89,-45,83,"TRUE"
-76,-23,13,0,69,-18,-11,54,"FALSE"
51,-64,71,-47,57,-38,-13,1,"TRUE"
56,2,6,10,18,-91,-26,43,"FALSE"
53,7,46,16,-87,-42,11,27,"FALSE"
-41,9,-66,45,20,-52,25,-95,"TRUE"
-63,26,56,-5,9,81,-5,-10,"TRUE"
19,-1,-69,4,49,-86,-20,-44,"TRUE"
-73,-43,60,-77,6,-93,-26,54,"FALSE"
86,-20,-38,76,-81,67,-79,-32,"TRUE"
87,19,-77,73,92,68,-67,97,"FALSE"
-62,-80,-33,93,-89,73,-40,55,"FALSE"
-11,0,-27,52,-84,87,67,30,"FALSE"
-32,42,67,-77,80,25,40,-10,"TRUE"
90,-26,96,-71,49,62,-44,0,"TRUE"
82,7,0,-81,3,-26,57,-55,"FALSE"
39,95,-11,59,100,15,11,13,"FALSE"
82,9,-27,-68,-12,57,0,53,"FALSE"
45,66,11,-86,51,-16,52,-23,"FALSE"
92,40,-24,89,8,87,73,-2,"FALSE"
-69,-91,10,35,52,80,12,45,"FALSE"
25,-7,26,-78,-11,24,-34,-77,"TRUE"
33,73,-24,-24,-77,27,12,-16,"FALSE"
29,-89,9,-50,-24,1,51,69,"TRUE"
13,39,-57,-10,-93,1,-75,-44,"FALSE"
61,81,-47,-4,57,-82,98,-54,"FALSE"
-13,22,32,-78,-83,82,-26,75,"TRUE"
25,-28,-81,45,-90,-14,-94,39,"TRUE"
74,37,7,51,0,-59,91,-61,"FALSE"
-14,-85,46,25,13,92,-22,10,"FALSE"
-62,-72,79,-94,-83,78,62,83,"FALSE"
88,-99,-25,-75,-6,-49,4,-55,"TRUE"
-6,58,29,-70,47,-97,75,-7,"TRUE"
19,-32,-10,31,-43,14,-77,79,"TRUE"
-9,-19,66,99,-51,-11,-39,-90,"FALSE"
96,32,91,43,80,-29,-18,89,"FALSE"
-5,12,-93,15,4,43,-76,-44,"TRUE"
-37,-37,16,94,57,39,-39,32,"FALSE"
-29,-31,28,-75,-9,-31,94,-77,"FALSE"
49,71,44,-40,65,33,61,39,"FALSE"
-62,90,-1,95,21,94,-48,-16,"TRUE"
34,4,-44,-81,85,-69,-54,-35,"FALSE"
-9,-40,41,-55,96,33,-26,-65,"FALSE"
-64,-11,-50,76,-99,24,-97,89,"FALSE"
-98,-57,-59,28,28,-4,-50,-83,"FALSE"
80,-94,70,-67,-83,3,-92,-78,"TRUE"
-95,-52,18,82,51,32,-34,15,"FALSE"
-81,-91,97,-72,98,4,-34,6,"FALSE"
83,52,9,-51,-54,64,-28,33,"FALSE"
-16,-74,-28,78,38,92,-79,-60,"FALSE"
-50,28,98,-76,-20,51,-40,-18,"TRUE"
15,36,40,-6,-27,-82,33,-80,"FALSE"
85,2,37,11,-42,-85,76,-27,"FALSE"
-35,33,-84,-49,-93,60,64,-12,"TRUE"
-13,78,-34,83,-86,24,-16,40,"TRUE"
-52,40,-27,-17,38,57,-73,-77,"TRUE"
-45,87,-52,99,-98,78,36,-47,"TRUE"
-19,58,-39,-66,55,-18,-28,48,"TRUE"
-8,23,56,-66,-68,-79,-96,-34,"TRUE"
23,-8,8,62,-43,-19,-28,25,"TRUE"
58,-53,-20,-58,25,-21,75,-65,"TRUE"
86,93,-66,32,-58,91,58,-75,"FALSE"
8,52,-12,95,-9,39,-70,57,"FALSE"
20,-31,23,89,-61,85,-83,29,"TRUE"
-46,-22,36,-48,99,-83,10,93,"FALSE"
-88,-36,-19,-22,72,-65,76,72,"FALSE"
45,35,27,89,-21,46,-77,-50,"FALSE"
-50,-9,19,94,-74,21,-24,-34,"FALSE"
63,-89,-27,-39,95,58,-84,-41,"TRUE"
-85,3,14,-54,27,13,-52,-12,"TRUE"
-10,80,-37,-31,10,98,-17,-48,"TRUE"
92,46,-38,-72,60,61,-97,-1,"FALSE"
-43,-42,18,-73,94,-28,-60,-54,"FALSE"
13,-31,78,-83,12,-80,-10,-41,"TRUE"
-46,85,-33,82,-27,100,-8,29,"TRUE"
-70,48,-21,-31,88,29,78,43,"TRUE"
-20,-60,30,84,-85,-60,4,-48,"FALSE"
-49,58,3,-2,2,3,46,44,"TRUE"
92,10,27,42,39,85,-15,1,"FALSE"
-98,-46,-5,15,11,-44,-30,58,"FALSE"
-22,22,-19,-5,-78,-7,-10,-32,"TRUE"
38,99,54,82,-55,-40,90,64,"FALSE"
-40,85,40,90,-43,78,75,20,"TRUE"
-69,88,52,87,88,42,88,76,"TRUE"
18,-92,-64,19,3,9,74,88,"TRUE"
99,-87,-73,-91,8,-76,-24,-15,"TRUE"
-95,65,-1,-15,81,13,-46,-8,"TRUE"
74,-48,-23,-80,-66,-22,86,-73,"TRUE"
-61,-76,76,-18,80,29,27,62,"FALSE"
-60,57,4,24,17,-83,-47,37,"TRUE"
14,-10,-46,-37,70,94,94,35,"TRUE"
63,59,1,8,70,51,-63,23,"FALSE"
-20,24,70,60,3,31,-51,-85,"TRUE"
34,-67,-54,16,-40,-3,26,48,"TRUE"
7,-39,-88,76,-88,-49,-7,43,"TRUE"
-35,-81,-46,-90,85,14,18,74,"FALSE"
12,-1,78,70,91,12,50,-51,"TRUE"
52,40,84,-34,-30,76,-48,22,"FALSE"
-21,-15,50,44,-12,45,-18,-97,"FALSE"
49,90,26,-64,32,33,11,35,"FALSE"
77,-26,-89,-18,-19,33,56,-14,"TRUE"
-81,74,91,-92,71,4,74,45,"TRUE"
-17,-72,10,-98,-57,2,91,77,"FALSE"
98,-54,66,96,45,99,39,-92,"TRUE"
-75,-33,57,-50,-28,-14,-89,26,"FALSE"
-55,-14,-77,-86,-37,76,-43,59,"FALSE"
10,-11,-96,8,-70,0,14,-97,"TRUE"
-11,-50,13,-52,87,-54,-46,38,"FALSE"
-43,-79,90,67,42,-31,-73,-92,"FALSE"
0,-65,83,-6,-44,-54,-46,-66,"FALSE"
46,-68,19,-75,-12,57,31,94,"TRUE"
-20,-25,53,89,35,-5,74,-97,"FALSE"
-53,-81,34,27,-59,45,29,-41,"FALSE"
-66,-16,-74,79,-83,10,17,-63,"FALSE"
-1,58,6,-93,-94,-12,78,42,"TRUE"
-6,38,-62,57,24,37,32,-48,"TRUE"
36,99,-27,-41,-17,-64,-75,-6,"FALSE"
-39,-57,50,29,-51,2,-86,-39,"FALSE"
64,-52,-63,-23,-73,65,10,-81,"TRUE"
20,26,9,-58,-47,-59,0,-51,"FALSE"
-24,67,-43,38,-69,-50,54,32,"TRUE"
-16,50,84,23,-57,73,57,90,"TRUE"
49,4,-55,93,-96,-48,-1,44,"FALSE"
-17,-80,42,-34,-71,43,33,-36,"FALSE"
-13,-84,95,-86,-93,50,34,-33,"FALSE"
-60,35,48,28,8,0,57,13,"TRUE"
-60,-54,-75,-29,-53,68,-24,59,"FALSE"
18,-56,-47,-10,-46,-31,-99,-22,"TRUE"
-17,-29,71,-51,-23,64,0,30,"FALSE"
40,-32,75,58,68,71,-71,-83,"TRUE"
-91,3,69,-10,-72,92,1,-20,"TRUE"
41,82,11,-63,74,-75,43,-87,"FALSE"
57,52,91,65,-11,-26,-2,68,"FALSE"
-56,31,43,-56,-91,-47,47,30,"TRUE"
-1,13,-93,-41,93,-42,0,68,"TRUE"
-41,-77,50,-1,53,80,37,99,"FALSE"
-55,-33,-31,-92,79,-38,-9,-47,"FALSE"
-90,92,0,19,-37,60,15,-35,"TRUE"
-93,-64,-64,8,5,37,97,-98,"FALSE"
-14,18,9,70,-13,-4,-44,-57,"TRUE"
92,-88,97,-9,15,-56,74,52,"TRUE"
81,48,-73,-61,49,-35,72,0,"FALSE"
24,-90,-32,51,-20,52,19,-88,"TRUE"
-8,-78,-31,-16,-51,76,49,25,"FALSE"
-32,5,52,-98,-26,46,-82,-1,"TRUE"
58,4,63,70,-2,-66,72,-51,"FALSE"
-77,65,29,-52,-1,-82,-5,-77,"TRUE"
-16,-17,-39,5,-1,-53,-23,-89,"FALSE"
-45,91,62,-91,84,99,28,15,"TRUE"
49,-82,-64,-59,62,-94,86,-94,"TRUE"
-25,-45,-40,60,62,-1,-93,45,"FALSE"
-55,28,84,80,-61,2,21,21,"TRUE"
55,-25,-2,12,89,-89,29,-26,"TRUE"
-29,-64,-18,-57,31,99,21,-95,"FALSE"
32,-11,-77,-65,39,11,-58,7,"TRUE"
77,-52,-98,-71,-86,-99,-26,-63,"TRUE"
-68,76,59,-75,63,-42,-65,-91,"TRUE"
-55,3,88,24,45,-11,-27,-19,"TRUE"
-75,-80,-59,-86,-9,28,35,85,"FALSE"
31,-63,75,19,-57,22,-53,-49,"TRUE"
98,-90,55,-42,67,46,99,51,"TRUE"
85,19,-39,-23,59,-90,-23,58,"FALSE"
50,-11,-73,19,21,-75,-46,-27,"TRUE"
95,53,68,40,-3,92,-5,70,"FALSE"
98,61,63,23,-1,-3,-60,-37,"FALSE"
-5,51,21,43,-62,88,-62,15,"TRUE"
-33,-72,-26,-91,-72,51,86,34,"FALSE"
-66,26,30,15,-83,-6,46,57,"TRUE"
41,50,89,25,-47,-11,-74,52,"FALSE"
98,-64,88,77,21,19,36,-53,"TRUE"
79,39,95,55,53,-44,-34,62,"FALSE"
-76,70,89,88,27,50,-2,75,"TRUE"
-77,64,-70,85,28,54,-60,84,"TRUE"
-5,-39,21,-47,-69,89,71,-49,"FALSE"
-53,-99,88,-83,21,36,-14,-94,"FALSE"
-40,63,86,-52,69,-31,-33,-45,"TRUE"
-34,-16,-11,-86,88,-34,36,-23,"FALSE"
-77,14,4,35,27,52,-70,88,"TRUE"
79,3,49,88,-82,-41,19,-38,"FALSE"
-30,-1,-28,-42,61,94,59,-9,"FALSE"
47,-8,66,64,-81,-88,-19,20,"TRUE"
-70,-62,89,-61,32,-65,25,98,"FALSE"
17,57,57,74,-65,-83,-53,24,"FALSE"
-91,68,-1,-63,-77,27,96,-86,"TRUE"
-79,30,80,2,47,57,53,58,"TRUE"
-86,-12,26,-88,-45,36,-90,-26,"FALSE"
65,-79,-63,82,-48,-79,27,93,"TRUE"
29,-96,-35,-95,-70,23,-32,12,"TRUE"
20,24,-12,-57,59,82,68,73,"FALSE"
45,-49,31,98,-7,-41,86,25,"TRUE"
49,-91,-35,58,25,95,-2,57,"TRUE"
-46,36,-95,-48,67,-71,36,0,"TRUE"
18,23,-17,94,-4,-89,25,-48,"FALSE"
77,54,-13,21,91,100,58,-36,"FALSE"
-89,-53,60,-60,-65,65,34,45,"FALSE"
84,-87,48,68,-18,10,43,15,"TRUE"
51,-9,1,73,-39,14,-15,-46,"TRUE"
45,4,12,54,-61,-71,-80,6,"FALSE"
-70,-12,-11,36,-70,-25,-21,56,"FALSE"
18,-40,82,34,-13,46,63,-4,"TRUE"
-68,-38,-24,27,6,54,89,48,"FALSE"
73,-3,20,-42,74,91,-86,-20,"TRUE"
51,27,79,88,-97,-47,57,-91,"FALSE"
-74,25,-36,7,-69,12,83,-68,"TRUE"
-52,67,69,66,-80,-24,-79,-5,"TRUE"
-93,-65,-48,40,-16,93,49,12,"FALSE"
-68,-26,-75,27,-79,-42,-47,23,"FALSE"
80,-48,-69,63,75,57,-12,82,"TRUE"
-92,-44,30,81,40,27,-96,33,"FALSE"
99,86,-96,33,86,-71,92,-72,"FALSE"
86,13,-10,-96,3,89,41,26,"FALSE"
-55,86,-33,-12,16,-71,52,-40,"TRUE"
56,66,-44,-68,41,-59,90,3,"FALSE"
69,-24,-44,28,-25,-85,-85,91,"TRUE"
18,21,82,89,-52,-14,-36,-91,"FALSE"
22,-36,89,-68,-99,53,-53,-47,"TRUE"
88,-8,-40,57,-81,36,16,-36,"TRUE"
92,99,41,-34,-91,25,57,-11,"FALSE"
24,68,99,55,-54,-67,51,56,"FALSE"
-75,-39,95,54,86,51,-77,77,"FALSE"
-88,-73,-2,93,-7,-52,-40,53,"FALSE"
31,-4,61,-46,3,53,-62,-88,"TRUE"
54,-60,43,-97,-66,2,69,85,"TRUE"
53,14,-25,-88,-73,-14,-16,59,"FALSE"
-75,-8,47,-74,68,68,-76,-47,"FALSE"
4,18,-33,99,-8,36,92,83,"FALSE"
-75,57,85,-66,1,60,38,-16,"TRUE"
-1,60,89,-91,26,-20,72,-10,"TRUE"
29,91,78,-13,-11,9,-97,57,"FALSE"
-54,-15,15,31,56,-40,85,56,"FALSE"
-55,22,65,83,-89,67,-39,42,"TRUE"
-53,52,77,-15,20,71,-36,30,"TRUE"
64,15,-24,84,-58,35,-26,5,"FALSE"
-88,61,79,-42,29,-97,-94,27,"TRUE"
41,58,-42,80,27,55,-58,-80,"FALSE"
51,15,-25,98,-70,-97,39,26,"FALSE"
-81,-57,-73,-9,-53,-71,-10,13,"FALSE"
-28,-89,77,-49,33,-63,-16,72,"FALSE"
32,83,-2,-39,-64,6,2,55,"FALSE"
84,31,27,63,-15,10,2,-88,"FALSE"
58,-63,43,75,-9,90,48,52,"TRUE"
-14,-36,73,71,32,-97,-67,63,"FALSE"
-69,-83,-72,-25,-8,9,20,-74,"FALSE"
39,44,-4,-83,-7,47,-10,-47,"FALSE"
-23,-71,-83,-63,-93,65,79,15,"FALSE"
64,-45,37,-72,43,45,29,-74,"TRUE"
46,-43,-64,71,-3,-9,14,18,"TRUE"
-64,30,-80,43,78,18,61,-59,"TRUE"
94,-75,65,-99,21,61,-30,5,"TRUE"
40,35,65,-71,68,85,13,-12,"FALSE"
-18,82,93,-1,40,-65,-84,-14,"TRUE"
46,58,51,-76,94,26,57,-17,"FALSE"
-55,-78,-8,-38,23,-40,36,-95,"FALSE"
87,90,14,89,63,48,-75,-19,"FALSE"
58,-3,-87,-21,-73,-46,91,-19,"TRUE"
-34,94,12,16,96,-64,98,47,"TRUE"
49,-86,75,68,77,-41,34,41,"TRUE"
0,68,-19,-40,-59,-30,15,-44,"FALSE"
-25,21,96,-70,80,34,-89,-54,"TRUE"
-69,-17,95,50,-3,-61,-59,1,"FALSE"
85,-15,96,-51,25,-67,47,-32,"TRUE"
69,-19,-13,-17,-49,-78,7,-64,"TRUE"
71,64,-90,15,-67,98,-44,-43,"FALSE"
74,-13,19,-28,-29,81,-33,11,"TRUE"
-74,-66,6,15,-22,-44,-19,-75,"FALSE"
83,-89,58,62,-34,55,-4,-96,"TRUE"
-12,37,-52,-21,90,-31,98,-31,"TRUE"
-5,19,90,-8,-17,-43,-85,87,"TRUE"
-33,86,-61,42,-73,33,95,-35,"TRUE"
-59,50,-58,45,32,-63,0,-94,"TRUE"
-96,-79,-26,80,-14,88,-69,-43,"FALSE"
-37,-62,33,36,-41,23,74,-94,"FALSE"
-64,98,-85,-1,52,69,0,62,"TRUE"
-58,-78,-58,40,87,-2,2,92,"FALSE"
-6,40,68,-14,-46,0,100,-55,"TRUE"
-67,70,-72,-8,47,-39,15,63,"TRUE"
63,-20,37,34,42,67,-32,65,"TRUE"
-44,-13,6,51,9,-81,-51,-27,"FALSE"
-31,43,-62,-73,-37,-31,-37,-42,"TRUE"
62,96,78,-46,98,89,-14,2,"FALSE"
58,-95,-57,94,-56,-19,84,5,"TRUE"
34,98,-12,-95,-7,-38,58,2,"FALSE"
-8,74,-17,35,99,-50,18,25,"TRUE"
38,63,73,79,51,6,16,50,"FALSE"
96,-73,13,26,87,-10,33,-60,"TRUE"
-23,97,-97,-82,84,-28,77,34,"TRUE"
-2,-6,-32,-99,77,-46,37,-21,"FALSE"
31,-32,60,-9,36,31,-96,-60,"TRUE"
24,-64,50,30,68,8,78,27,"TRUE"
23,-63,69,43,92,48,-79,-84,"TRUE"
-74,6,28,13,-62,-47,-16,-18,"TRUE"
-13,72,-30,-84,21,-52,-95,-12,"TRUE"
-8,63,-11,8,-94,22,81,-53,"TRUE"
-96,-2,47,92,-5,86,-81,-36,"FALSE"
13,40,14,-31,-76,-42,81,-50,"FALSE"
19,0,88,-35,-20,41,-82,-75,"FALSE"
-21,19,42,1,60,28,15,-86,"TRUE"
-56,-60,-98,49,-51,-46,82,-5,"FALSE"
66,5,5,49,-81,-39,-45,-68,"FALSE"
40,5,-73,47,43,-81,25,-60,"FALSE"
-78,-61,-51,83,1,-73,60,90,"FALSE"
88,-29,89,75,2,-70,-13,82,"TRUE"
-7,-86,-66,-60,-54,17,-68,28,"FALSE"
87,-43,-65,37,-80,-28,-30,-69,"TRUE"
0,32,-39,36,92,63,-11,56,"TRUE"
-72,59,35,44,49,-29,-42,-25,"TRUE"
-16,68,55,58,1,-13,5,89,"TRUE"
77,98,34,96,88,2,-2,-67,"FALSE"
80,-41,79,13,20,78,18,2,"TRUE"
-32,12,65,-86,-52,-25,34,30,"TRUE"
-20,34,-80,6,0,-10,79,-77,"TRUE"
-77,-58,-46,98,49,91,-16,-83,"FALSE"
-40,-7,68,48,24,-21,91,-80,"FALSE"
-27,92,-23,32,-72,69,14,64,"TRUE"
79,87,-81,23,-92,8,25,-2,"FALSE"
70,87,-41,91,57,-76,52,-66,"FALSE"
20,27,-61,68,-43,71,2,-35,"FALSE"
-28,56,-9,-28,-3,16,-22,-25,"TRUE"
66,-5,-40,-49,-71,91,94,77,"TRUE"
-73,86,-98,58,-40,1,-68,19,"TRUE"
-28,-58,-33,-98,1,1,-66,-38,"FALSE"
94,43,-87,-15,-19,35,-26,74,"FALSE"
-10,44,-40,21,-56,95,25,85,"TRUE"
56,63,2,-73,99,-42,0,11,"FALSE"
-84,3,-87,63,-51,71,0,61,"TRUE"
-11,25,94,-1,79,65,-51,-93,"TRUE"
0,-13,73,80,51,-51,21,90,"FALSE"
40,14,55,-65,-62,6,-7,-85,"FALSE"
-94,-39,-78,23,-15,1,-81,-54,"FALSE"
42,57,-80,99,30,-69,59,22,"FALSE"
90,-29,15,12,-96,76,-57,-94,"TRUE"
27,32,63,90,-70,-46,11,4,"FALSE"
1,18,34,68,12,-37,29,96,"FALSE"
-3,-65,81,65,-65,-53,-33,55,"FALSE"
-26,-14,-51,-75,-52,-10,-32,-46,"FALSE"
-94,34,-9,31,-75,-16,73,65,"TRUE"
0,-55,-44,98,19,-60,-61,72,"FALSE"
-23,-33,-52,91,94,-26,40,-50,"FALSE"
74,51,-23,-29,-62,-11,80,-28,"FALSE"
-50,22,0,12,-91,-80,75,-77,"TRUE"
-27,-57,4,31,-92,-1,72,76,"FALSE"
50,56,-59,19,79,-5,-35,9,"FALSE"
50,-70,40,48,98,99,-76,-22,"TRUE"
-8,92,-67,-10,-14,-49,-91,-67,"TRUE"
99,-84,31,-71,10,29,72,54,"TRUE"
-79,99,74,16,4,-24,72,1,"TRUE"
45,73,-79,-91,0,46,10,79,"FALSE"
-21,-3,67,9,96,-30,-32,41,"FALSE"
24,41,4,-67,-95,47,85,-73,"FALSE"
-55,69,28,-85,-62,-9,27,7,"TRUE"
-13,-77,-59,42,-57,54,8,34,"FALSE"
67,63,-74,18,5,-42,11,-5,"FALSE"
2,42,-89,-21,85,-43,44,-9,"FALSE"
41,-28,0,44,-94,66,-96,12,"TRUE"
40,-28,-22,-53,-53,16,-96,90,"TRUE"
-28,-95,-60,-4,88,-2,-45,-25,"FALSE"
45,-84,-55,-89,-67,-50,18,-52,"TRUE"
-81,-13,-92,-98,90,82,44,-9,"FALSE"
76,-67,-82,29,-42,-35,-16,86,"TRUE"
30,-30,17,-27,57,37,56,-68,"TRUE"
57,-87,-68,65,-20,62,27,-34,"TRUE"
99,-59,-82,24,-54,81,-31,89,"TRUE"
0,66,94,75,-90,-69,-61,96,"TRUE"
15,-36,37,-96,16,-32,30,18,"TRUE"
88,-45,-59,-51,93,-21,16,-50,"TRUE"
96,-81,65,80,56,18,-82,60,"TRUE"
31,53,17,67,-70,70,79,-79,"FALSE"
54,-70,67,13,-45,-47,60,-41,"TRUE"
86,-80,47,1,-61,63,-28,-38,"TRUE"
-46,-36,94,-78,-64,95,-91,-23,"FALSE"
-90,55,-73,-13,52,-75,23,32,"TRUE"
-64,64,-95,-68,44,98,56,-94,"TRUE"
37,-71,-5,-61,-52,92,-46,62,"TRUE"
80,-20,-72,-96,6,-26,-16,19,"TRUE"
-67,-90,-5,2,-79,5,54,38,"FALSE"
-85,-16,-36,0,-1,34,-38,19,"FALSE"
49,36,49,-63,-7,17,-90,-12,"FALSE"
-98,-91,-32,15,57,86,-87,4,"FALSE"
3,-86,8,-90,22,-20,44,-5,"TRUE"
74,-78,-23,20,12,5,74,39,"TRUE"
36,-97,-87,66,96,8,-73,19,"TRUE"
46,-29,69,30,-60,7,-31,-64,"TRUE"
62,20,46,-16,23,71,42,-22,"FALSE"
20,70,20,36,81,37,-55,2,"FALSE"
-93,87,41,1,89,-91,-75,-96,"TRUE"
67,70,-73,-33,-65,35,-26,66,"FALSE"
-82,-14,9,-25,65,-43,-66,81,"FALSE"
-18,92,-55,-96,-15,1,-38,95,"TRUE"
44,91,-28,-5,-16,-39,8,-26,"FALSE"
75,-67,-8,71,-35,63,46,-92,"TRUE"
68,64,-1,14,-89,43,-62,95,"FALSE"
68,-49,55,89,-88,40,-2,62,"TRUE"
-9,68,25,-60,-33,-93,60,0,"TRUE"
-37,54,-18,-33,-58,-78,54,67,"TRUE"
-75,-81,-33,92,-95,-77,-60,-56,"FALSE"
-17,69,-84,-42,-52,-28,39,-43,"TRUE"
11,74,-70,95,-43,-56,-37,-35,"FALSE"
44,-17,46,77,9,16,0,-91,"TRUE"
-59,18,-78,-21,89,-18,-1,-52,"TRUE"
-18,81,-49,9,-72,39,64,44,"TRUE"
25,81,32,94,-82,-12,-27,-60,"FALSE"
-46,-1,84,14,-67,48,74,-94,"FALSE"
40,-10,-54,52,21,-22,27,-5,"TRUE"
11,-84,-73,76,58,-33,78,-96,"TRUE"
-66,19,84,-6,-49,-41,88,-36,"TRUE"
81,48,-95,-19,-91,-55,-61,72,"FALSE"
63,14,-26,67,19,28,98,74,"FALSE"
-15,-24,-36,-70,-30,-74,73,-6,"FALSE"
-29,-26,-20,-79,-19,4,79,60,"FALSE"
-48,-24,-58,41,80,-47,60,19,"FALSE"
-95,-20,80,-78,72,-8,-39,-57,"FALSE"
86,-48,16,-41,-4,61,47,21,"TRUE"
-9,-71,19,66,24,98,-24,-17,"FALSE"
42,-32,51,31,-21,-57,-25,37,"TRUE"
-84,-97,17,43,-17,-52,52,-22,"FALSE"
98,26,84,-56,-79,-50,41,-20,"FALSE"
54,70,-88,35,-40,80,-42,-80,"FALSE"
-72,-9,-67,40,8,-54,57,89,"FALSE"
27,8,-90,-5,63,-28,56,-28,"FALSE"
27,-45,16,-9,-21,-4,31,-10,"TRUE"
6,79,76,61,-95,-29,-64,-61,"FALSE"
17,-57,-41,28,-55,78,-66,-21,"TRUE"
-83,15,-88,13,-6,-26,43,-45,"TRUE"
-64,-95,-1,91,-61,-48,-14,74,"FALSE"
49,50,-27,64,-96,82,-5,66,"FALSE"
75,-84,45,-7,20,-13,-29,-26,"TRUE"
-82,66,32,41,-48,-75,-95,-10,"TRUE"
68,-88,100,60,-44,-25,50,-57,"TRUE"
-34,-12,-26,-6,-79,-91,-86,77,"FALSE"
-88,-75,84,89,-67,-97,34,-89,"FALSE"
66,52,-95,80,-86,93,91,-60,"FALSE"
32,92,97,-31,68,87,94,54,"FALSE"
45,52,-73,44,-3,3,8,81,"FALSE"
-95,63,-36,47,-36,67,77,-40,"TRUE"
29,5,-45,10,-80,37,-30,-83,"FALSE"
54,-2,13,26,-92,83,-64,86,"TRUE"
-44,-3,-40,76,0,-81,3,-32,"FALSE"
-96,-39,-97,68,-89,-47,-19,19,"FALSE"
49,80,-58,22,43,-59,-69,69,"FALSE"
9,-54,-26,50,-57,17,10,19,"TRUE"
-89,37,-44,63,-48,23,8,96,"TRUE"
-70,61,77,65,5,-46,96,74,"TRUE"
-45,-94,-73,59,75,98,-58,-48,"FALSE"
-28,-27,-32,-23,97,-91,-77,-43,"FALSE"
-73,-76,99,-36,-20,33,85,65,"FALSE"
54,-4,55,-62,20,66,37,98,"TRUE"
-46,-27,-22,-2,-70,51,-10,-87,"FALSE"
-5,-81,-15,-19,-33,-68,25,-44,"FALSE"
-76,71,5,-90,-60,0,47,91,"TRUE"
-39,54,5,-59,83,93,84,30,"TRUE"
-13,-62,-71,86,50,-65,8,83,"FALSE"
-27,82,-74,-20,66,-82,57,16,"TRUE"
82,-82,-96,49,-58,98,-91,-36,"TRUE"
-87,2,-72,-19,14,81,-10,60,"TRUE"
0,-5,-86,68,18,4,77,-54,"TRUE"
-78,-22,-76,49,75,85,94,-35,"FALSE"
41,-70,-36,82,68,-10,-96,-61,"TRUE"
-70,-87,-24,-24,-40,-45,-30,-86,"FALSE"
89,-37,-86,22,71,93,65,48,"TRUE"
-86,94,88,80,94,-36,79,-17,"TRUE"
10,71,27,-68,9,-91,-71,86,"FALSE"
11,46,0,-62,7,-54,-19,76,"FALSE"
6,-54,13,23,-1,63,53,31,"TRUE"
73,85,-59,17,-8,7,-59,82,"FALSE"
-47,37,-38,-87,-47,45,-37,-16,"TRUE"
26,-57,-10,-82,-89,-49,99,-91,"TRUE"
-16,-41,95,-86,-45,-78,-7,-15,"FALSE"
-94,-38,85,32,47,91,-23,19,"FALSE"
17,-21,-5,39,99,-8,-48,-92,"TRUE"
-95,66,-71,-22,60,74,10,-84,"TRUE"
26,-78,-70,-40,-6,19,8,63,"TRUE"
99,-63,83,83,90,-14,-77,-86,"TRUE"
31,4,41,70,-69,-28,-67,-21,"FALSE"
-56,-41,-1,-5,-69,-60,52,-83,"FALSE"
95,-9,-10,28,26,-17,21,-32,"TRUE"
7,-45,-97,-41,2,-38,84,-9,"TRUE"
32,-15,35,-70,13,4,-98,-12,"TRUE"
-74,-54,54,83,79,46,57,17,"FALSE"
64,86,62,-15,-56,-57,-97,57,"FALSE"
62,-83,-21,99,52,92,-89,80,"TRUE"
-20,23,91,67,-40,-56,69,-36,"TRUE"
-90,-45,74,88,31,-32,4,-93,"FALSE"
19,98,-4,84,-92,58,-69,96,"FALSE"
-61,21,43,55,-40,-85,-77,-3,"TRUE"
20,19,84,25,-97,4,-27,-98,"FALSE"
-37,22,-67,-31,-9,49,-52,-58,"TRUE"
35,-66,-61,38,72,70,87,40,"TRUE"
38,-84,10,75,80,-90,-28,94,"TRUE"
91,-8,-93,-2,74,11,59,-76,"TRUE"
-28,-51,-93,26,-43,-32,65,-79,"FALSE"
-33,62,-82,42,75,96,-42,-75,"TRUE"
23,-89,-26,71,34,89,1,64,"TRUE"
-50,-39,34,32,12,-62,-88,32,"FALSE"
-32,10,90,79,41,-22,23,-11,"TRUE"
37,-96,-96,-85,77,97,-26,-38,"TRUE"
-64,-27,77,90,1,-5,53,-65,"FALSE"
-27,68,-16,-90,-56,96,-18,-83,"TRUE"
43,-84,-91,30,-5,-16,74,-21,"TRUE"
-50,33,92,-1,-22,30,-33,39,"TRUE"
38,46,11,93,75,82,-43,47,"FALSE"
-60,43,77,-84,-33,92,-35,-89,"TRUE"
-53,-4,80,-59,-85,20,91,-45,"FALSE"
16,-30,-76,-69,-38,-27,3,42,"TRUE"
19,-77,15,26,68,62,39,63,"TRUE"
-63,91,-80,9,-55,-72,19,19,"TRUE"
81,-8,7,-3,10,-23,11,-88,"TRUE"
-22,-33,56,17,33,-63,-59,8,"FALSE"
97,28,-18,5,65,92,-73,-71,"FALSE"
4,30,-60,25,-64,29,-26,-25,"FALSE"
-47,62,44,-7,71,-84,98,-69,"TRUE"
-62,-88,61,71,-89,-29,63,-70,"FALSE"
-54,-52,42,67,32,-76,-50,36,"FALSE"
94,0,-8,14,77,51,71,50,"FALSE"
90,32,-69,44,63,48,70,13,"FALSE"
-79,19,78,47,79,-76,62,46,"TRUE"
67,26,9,-62,-72,72,-80,53,"FALSE"
44,-83,-90,-25,-13,-22,-76,62,"TRUE"
-92,-95,-82,40,-84,-6,-55,50,"FALSE"
82,-40,-41,-73,-41,-66,9,84,"TRUE"
-24,-70,-41,30,78,-79,54,-58,"FALSE"
77,94,26,-98,-20,-47,5,24,"FALSE"
-31,4,75,-25,8,59,51,60,"TRUE"
-96,92,62,-68,3,41,-28,-66,"TRUE"
-80,80,12,1,-25,8,-2,-55,"TRUE"
-52,28,54,12,34,46,52,86,"TRUE"
-79,-14,-49,25,45,21,-44,-48,"FALSE"
43,-51,56,-10,0,-73,-48,12,"TRUE"
-75,88,-17,48,68,90,21,-35,"TRUE"
96,11,-84,-7,85,-90,48,10,"FALSE"
-26,83,30,31,81,94,-71,85,"TRUE"
-17,29,13,-80,-51,60,-35,-57,"TRUE"
-56,-46,-5,83,30,87,35,-59,"FALSE"
28,-69,44,56,68,70,-95,5,"TRUE"
-34,-49,40,-94,-50,98,-62,-39,"FALSE"
38,-75,4,-90,-81,-64,73,-26,"TRUE"
-61,-67,-67,47,-33,88,-80,-13,"FALSE"
-21,-89,32,-23,-69,83,41,-36,"FALSE"
-99,-72,-39,-42,-93,-99,-73,-68,"FALSE"
-64,-52,31,-56,38,12,-68,29,"FALSE"
-67,71,76,-75,-51,-36,-51,-48,"TRUE"
-69,-8,-20,-94,0,-35,-91,22,"FALSE"
80,86,82,11,16,-21,89,-37,"FALSE"
-82,-14,1,63,99,-27,-50,99,"FALSE"
-61,68,97,10,87,-72,0,-46,"TRUE"
81,-73,6,71,0,53,65,-23,"TRUE"
71,98,-57,97,76,-58,26,19,"FALSE"
-4,-51,-98,16,68,12,94,17,"FALSE"
45,34,-1,-83,-16,-68,64,56,"FALSE"
-15,9,-28,10,2,-4,-40,-42,"TRUE"
99,30,-81,45,-44,-82,-63,-75,"FALSE"
36,80,33,-13,44,22,-78,37,"FALSE"
45,19,-42,63,65,-46,40,9,"FALSE"
-1,60,11,-65,7,0,-48,-72,"TRUE"
-50,59,-23,92,12,-72,52,71,"TRUE"
69,-8,-19,74,30,-53,73,93,"TRUE"
-62,-95,-31,41,70,-69,89,36,"FALSE"
98,-50,-34,83,67,-59,-7,-31,"TRUE"
64,23,-71,32,16,-99,-61,-3,"FALSE"
99,92,-94,-63,-75,-13,90,21,"FALSE"
-25,73,28,-99,45,-83,-53,-72,"TRUE"
66,12,10,2,-70,-86,-15,50,"FALSE"
-45,44,-31,35,-84,54,75,66,"TRUE"
-9,-19,-63,70,7,-34,-26,39,"FALSE"
0,26,-85,64,63,-37,20,-68,"TRUE"
0,12,65,-44,58,74,-31,-29,"TRUE"
-74,-52,-91,70,6,-92,88,27,"FALSE"
42,-93,-4,69,60,62,-86,-69,"TRUE"
-93,-9,-42,5,-91,-83,87,76,"FALSE"
-56,-32,-91,-32,17,0,42,-41,"FALSE"
76,-44,-84,42,56,-77,-57,76,"TRUE"
67,73,-76,56,51,96,2,-60,"FALSE"
89,12,3,71,33,29,35,-19,"FALSE"
83,-40,100,-87,10,68,23,88,"TRUE"
48,-54,51,-98,-15,-61,74,49,"TRUE"
3,48,-21,-80,-12,97,18,23,"FALSE"
-41,27,-96,-22,-68,-75,9,-29,"TRUE"
-75,38,20,67,-39,91,-30,64,"TRUE"
-48,-57,-56,-11,27,90,51,-71,"FALSE"
45,-30,-59,90,96,61,-26,96,"TRUE"
32,13,-34,-18,-64,2,-91,0,"FALSE"
-13,25,25,-25,86,80,-17,-42,"TRUE"
67,23,10,47,-23,73,56,-63,"FALSE"
15,22,7,86,-57,73,-9,-82,"FALSE"
4,73,32,91,-12,0,99,-28,"FALSE"
60,-14,-70,-88,37,51,15,95,"TRUE"
-62,6,-43,1,-63,-9,-10,-92,"TRUE"
-92,-59,-90,-34,14,95,-79,-68,"FALSE"
37,92,97,61,40,6,-91,48,"FALSE"
-63,61,33,83,80,5,-21,-55,"TRUE"
42,62,31,-94,-93,63,85,-64,"FALSE"
4,-57,53,-7,-18,-36,59,46,"TRUE"
-69,-20,-36,-35,-88,32,92,4,"FALSE"
7,-56,-49,68,-99,-87,-20,27,"TRUE"
47,-82,31,83,-22,87,-79,-62,"TRUE"
-9,88,-34,40,-21,-4,71,-72,"TRUE"
65,38,-8,-82,61,63,31,26,"FALSE"
-53,44,-70,-96,75,-17,98,-81,"TRUE"
78,-7,66,-11,64,90,19,42,"TRUE"
-20,29,-76,-17,-97,-81,54,15,"TRUE"
-8,69,54,29,-8,-64,9,24,"TRUE"
9,-75,44,-4,18,9,-31,35,"TRUE"
83,-85,32,68,10,-25,94,34,"TRUE"
-34,45,-51,-74,82,-45,3,99,"TRUE"
-70,10,-19,-26,30,-27,2,-38,"TRUE"
10,83,44,18,51,32,95,52,"FALSE"
6,-68,-45,-97,-94,56,-31,12,"TRUE"
-21,-20,86,-42,31,-39,-84,-91,"FALSE"
21,-54,20,-74,62,-37,55,77,"TRUE"
52,17,34,-86,-1,-97,55,-1,"FALSE"
87,-62,42,-86,27,26,-58,86,"TRUE"
5,-91,90,82,-45,66,70,67,"TRUE"
-70,43,-65,70,38,-40,-73,11,"TRUE"
-21,43,3,98,-47,31,46,-76,"TRUE"
88,-72,-97,5,-25,80,-18,-98,"TRUE"
-9,-50,-86,-69,84,48,-35,-76,"FALSE"
0,-81,-27,-81,-8,17,-7,27,"FALSE"
80,-35,-69,-26,80,66,-52,20,"TRUE"
39,67,74,-69,-13,-90,58,-42,"FALSE"
-33,44,12,-99,-78,-59,-42,-1,"TRUE"
-90,-12,33,17,0,5,-18,-93,"FALSE"
-12,88,-8,-60,-29,-63,46,97,"TRUE"
-19,-38,3,61,67,-91,-16,-89,"FALSE"
19,34,-41,74,7,97,26,10,"FALSE"
-67,1,-19,29,55,-28,9,56,"TRUE"
-88,34,34,79,-24,-98,-34,-12,"TRUE"
97,-86,97,3,-85,-52,-85,-54,"TRUE"
-40,32,-45,-41,-91,-23,-48,32,"TRUE"
-36,15,-58,66,42,66,-67,65,"TRUE"
63,-50,21,12,-87,-16,-90,-21,"TRUE"
-62,58,57,81,89,61,20,-59,"TRUE"
-22,-10,-6,4,8,-76,-83,83,"FALSE"
-46,55,57,-78,76,-62,61,45,"TRUE"
11,30,39,-64,-97,61,-75,15,"FALSE"
4,9,82,15,56,-78,-66,-60,"FALSE"
-21,12,23,76,46,56,29,6,"TRUE"
29,-69,-81,-68,-87,-7,56,46,"TRUE"
-36,94,47,83,-24,29,13,26,"TRUE"
-55,-5,-40,70,-74,-52,21,90,"FALSE"
51,4,-18,79,46,-8,-19,91,"FALSE"
-57,-75,68,0,93,-59,21,-83,"FALSE"
56,-1,44,-16,64,70,48,-8,"TRUE"
-70,78,93,-65,-57,-63,-1,47,"TRUE"
35,-50,-72,24,-45,-50,-1,-71,"TRUE"
13,-46,-96,69,-90,-64,33,79,"TRUE"
-82,47,54,7,3,-91,-49,97,"TRUE"
25,-4,-82,-25,-62,87,-3,-19,"TRUE"
42,54,-34,-59,-39,16,65,81,"FALSE"
-18,-32,44,-19,-67,-10,-24,-72,"FALSE"
93,79,39,-92,70,-91,-41,-97,"FALSE"
-54,57,37,-6,-56,7,-54,-13,"TRUE"
31,-52,-1,-85,-47,-72,99,88,"TRUE"
79,-88,93,65,22,8,-12,-92,"TRUE"
-82,49,75,-24,-99,16,21,73,"TRUE"
66,69,-99,97,-66,98,-25,-16,"FALSE"
91,-28,6,85,48,83,11,17,"TRUE"
9,97,58,-49,1,-55,-28,-92,"FALSE"
44,32,8,1,6,67,95,77,"FALSE"
45,-59,78,20,5,-62,80,7,"TRUE"
6,63,-53,7,-27,73,-15,51,"FALSE"
44,-91,6,-25,98,54,72,37,"TRUE"
17,19,-7,89,75,29,81,-86,"FALSE"
23,0,86,72,16,29,-73,40,"FALSE"
70,-60,52,-63,32,-94,-13,-55,"TRUE"
-41,4,86,-4,31,-39,-40,-94,"TRUE"
-11,-30,25,18,17,54,94,-69,"FALSE"
11,-51,-59,42,-21,-54,7,-73,"TRUE"
-67,49,-47,-84,-74,-77,86,-37,"TRUE"
92,10,-72,-8,7,-56,29,71,"FALSE"
-73,77,-21,-41,-74,63,30,-69,"TRUE"
15,84,-87,34,-16,10,55,-37,"FALSE"
51,62,-38,-15,30,-14,-68,75,"FALSE"
70,-59,-32,-36,-84,74,70,75,"TRUE"
-53,26,79,-54,95,-34,-81,-97,"TRUE"
49,49,78,-42,73,91,22,-39,"FALSE"
-31,-26,25,-38,79,-34,57,-5,"FALSE"
-87,58,16,-30,-63,60,92,-51,"TRUE"
-31,15,86,-96,-53,-7,10,-6,"TRUE"
-24,7,24,-28,88,57,-35,66,"TRUE"
31,59,-84,22,-98,0,0,72,"FALSE"
-27,-88,51,-81,81,-67,-15,98,"FALSE"
-39,8,79,85,-4,20,84,44,"TRUE"
71,31,-21,-5,-16,39,-41,4,"FALSE"
-93,42,-81,25,-22,17,51,-15,"TRUE"
-83,-22,98,66,-62,-95,-66,-22,"FALSE"
-22,61,-90,-27,-34,50,-65,54,"TRUE"
-77,-75,-17,-30,-1,77,-23,-4,"FALSE"
-78,-10,-93,-67,63,62,-58,-64,"FALSE"
-95,44,5,-64,99,43,-2,38,"TRUE"
7,70,-90,72,-68,95,-68,95,"FALSE"
41,-85,35,70,17,40,-56,-53,"TRUE"
90,1,69,-37,84,-64,49,78,"FALSE"
72,-52,43,-83,89,-34,19,34,"TRUE"
-32,15,-36,42,68,37,94,1,"TRUE"
-39,-4,-24,1,-18,-28,10,-66,"FALSE"
60,-84,35,-87,71,23,-62,0,"TRUE"
9,-77,41,86,-40,52,-32,-43,"TRUE"
-54,-9,-21,-31,-83,-26,23,-91,"FALSE"
-18,-70,-76,-15,-56,25,-67,-18,"FALSE"
3,90,-9,73,35,-23,-28,-53,"FALSE"
-79,32,-53,-87,52,27,89,-66,"TRUE"
18,-66,-13,-93,88,-45,-98,52,"TRUE"
100,26,72,99,-57,51,-78,-51,"FALSE"
88,-96,78,14,-6,-92,75,-29,"TRUE"
5,-32,-63,79,-94,-57,-73,-47,"TRUE"
-66,3,-46,99,-80,-4,-93,-61,"TRUE"
87,28,-89,46,-14,72,33,20,"FALSE"
62,42,-88,39,-76,-37,90,45,"FALSE"
-82,-11,44,-95,19,56,-99,-45,"FALSE"
21,84,94,-86,-90,87,14,94,"FALSE"
-45,-54,99,-91,-26,27,-44,-41,"FALSE"
-44,22,-51,85,97,-92,-28,72,"TRUE"
-92,-37,80,3,-54,82,20,57,"FALSE"
-62,33,22,96,-14,72,-39,-11,"TRUE"
11,7,29,55,-62,-14,-39,51,"FALSE"
89,29,57,-57,89,-12,15,-30,"FALSE"
-50,20,-32,-51,-20,-72,-76,-61,"TRUE"
68,99,-27,26,-19,62,52,74,"FALSE"
-51,44,75,-26,-61,-59,-46,-90,"TRUE"
-73,-3,47,-2,-76,-91,14,32,"FALSE"
67,37,86,12,-13,0,78,55,"FALSE"
85,-53,-53,-73,-96,60,-2,-24,"TRUE"
-67,82,7,-57,20,31,-69,50,"TRUE"
5,0,4,38,-93,15,-72,48,"FALSE"
60,81,-92,-27,10,-82,100,-33,"FALSE"
3,43,-88,88,-14,-85,34,10,"FALSE"
4,-87,-57,-83,-55,5,64,-68,"TRUE"
-48,-39,-41,-11,-32,-51,19,64,"FALSE"
57,67,-72,-92,-51,67,41,-61,"FALSE"
47,-24,-15,29,44,-82,58,-76,"TRUE"
74,-38,-75,-42,14,-78,-10,8,"TRUE"
94,-17,-90,-54,37,45,-48,74,"TRUE"
-39,26,84,-17,-52,57,-49,1,"TRUE"
-41,17,-40,41,-5,-27,11,52,"TRUE"
-89,93,60,59,-42,-94,-87,-86,"TRUE"
-89,-47,-42,-53,-29,-50,96,63,"FALSE"
-42,-19,-95,90,-1,-95,50,-21,"FALSE"
-88,75,-37,-38,0,-82,26,18,"TRUE"
59,8,98,-62,-59,5,33,-22,"FALSE"
75,65,-45,-77,18,25,11,-43,"FALSE"
67,100,-50,71,92,-3,-70,-68,"FALSE"
-53,87,-64,-5,74,97,-53,0,"TRUE"
79,-48,80,94,-34,-60,74,-26,"TRUE"
29,33,-69,-97,36,4,-30,-1,"FALSE"
29,49,63,98,87,-72,14,51,"FALSE"
-40,88,88,98,4,-90,29,-40,"TRUE"
-13,60,25,40,35,11,-8,-67,"TRUE"
77,63,-16,97,-49,39,-43,-12,"FALSE"
25,79,38,-69,36,27,-60,-70,"FALSE"
53,-89,-17,25,78,9,-93,13,"TRUE"
61,-87,-84,7,-82,31,-58,-47,"TRUE"
-36,90,-31,12,2,-62,17,-86,"TRUE"
84,-26,88,14,12,-52,39,-69,"TRUE"
86,-31,67,-66,-25,81,-96,53,"TRUE"
42,-75,-64,-90,-9,72,34,63,"TRUE"
80,-47,84,-58,-30,42,-24,-22,"TRUE"
-10,59,54,-90,-77,-47,-54,56,"TRUE"
5,-98,49,22,5,86,-55,32,"TRUE"
-56,82,23,36,-13,-83,73,-42,"TRUE"
67,-14,-44,27,60,-15,-6,42,"TRUE"
-39,28,-44,93,-22,6,84,-11,"TRUE"
-69,-15,-37,-63,0,93,99,30,"FALSE"
72,97,-21,-86,52,5,-95,53,"FALSE"
31,-51,-60,-35,18,-14,-26,80,"TRUE"
73,-43,-72,97,38,-42,17,28,"TRUE"
-39,-39,84,-93,-21,88,-37,-38,"FALSE"
-90,32,-82,62,63,34,-45,-4,"TRUE"
56,-47,-80,-93,77,-62,79,98,"TRUE"
47,25,-33,32,-64,47,-52,8,"FALSE"
91,-44,55,-88,-56,-26,40,-39,"TRUE"
57,75,-35,-39,68,-71,-84,-4,"FALSE"
8,26,15,83,-64,6,-8,-28,"FALSE"
17,-40,12,-19,77,-85,-64,60,"TRUE"
77,-40,-26,39,59,11,77,-17,"TRUE"
-29,-50,-64,76,92,62,-98,-23,"FALSE"
8,95,-50,97,78,-44,-9,-27,"FALSE"
41,-84,77,-48,94,-11,-11,86,"TRUE"
74,42,17,-12,-34,-72,-14,-29,"FALSE"
40,74,-25,8,-56,54,80,-53,"FALSE"
-49,65,65,48,32,-27,30,-36,"TRUE"
12,-55,-14,14,-78,11,-6,53,"TRUE"
28,4,35,0,-75,71,23,-15,"FALSE"
-98,-61,-62,86,45,90,44,43,"FALSE"
66,26,-79,-10,90,-5,99,33,"FALSE"
54,65,-71,13,80,-50,11,80,"FALSE"
90,-27,73,35,-54,27,-64,45,"TRUE"
-6,21,-39,-28,47,62,54,-49,"TRUE"
74,86,25,-94,2,-91,-25,87,"FALSE"
-52,99,64,-95,94,-60,-88,-64,"TRUE"
-76,-72,9,-30,28,-95,21,18,"FALSE"
-77,75,-23,74,-68,-22,-37,0,"TRUE"
-49,-59,-72,-58,20,94,-26,37,"FALSE"
94,-38,76,98,-20,71,77,-23,"TRUE"
79,-54,80,-40,98,-98,17,-23,"TRUE"
-27,2,93,-46,27,-44,22,-40,"TRUE"
68,-21,-40,29,30,-68,-41,60,"TRUE"
18,-12,41,-45,13,-55,4,62,"TRUE"
6,23,25,-65,-97,-1,-90,70,"FALSE"
68,35,72,-62,26,-23,-14,1,"FALSE"
-31,4,-79,-55,32,-10,74,-4,"TRUE"
-81,-13,-16,79,-8,38,-39,-32,"FALSE"
31,78,61,-74,-66,-42,43,-39,"FALSE"
24,-73,-43,64,82,-21,-27,-94,"TRUE"
-22,54,29,10,13,4,-40,48,"TRUE"
-1,66,-93,-57,33,54,63,-5,"TRUE"
-98,95,75,61,45,16,-94,95,"TRUE"
-21,70,-85,-10,-24,-39,-88,67,"TRUE"
68,24,57,-16,46,4,-23,55,"FALSE"
97,12,98,-19,73,-72,81,99,"FALSE"
82,-71,-80,-81,79,-12,-15,31,"TRUE"
-17,-82,63,-24,64,19,67,-49,"FALSE"
56,44,94,35,37,-8,-90,-77,"FALSE"
64,78,38,-78,35,-68,-40,-60,"FALSE"
16,-54,3,11,72,22,-95,-49,"TRUE"
-64,98,64,-33,-37,-2,-25,34,"TRUE"
61,91,74,-87,29,-73,15,13,"FALSE"
-24,87,-71,-28,-15,-34,66,-53,"TRUE"
-29,71,66,-86,-56,7,93,-8,"TRUE"
-23,-7,-40,-51,71,48,-98,32,"FALSE"
99,62,-66,-12,-11,-20,-41,-49,"FALSE"
46,97,48,65,-45,99,50,70,"FALSE"
17,87,-66,-3,36,-59,-32,-94,"FALSE"
-55,49,-62,10,-78,40,78,-52,"TRUE"
-45,17,35,-46,-78,-57,-80,-23,"TRUE"
49,-81,-74,-46,-6,-78,-49,-34,"TRUE"
20,-69,1,-19,46,-83,6,23,"TRUE"
98,-93,3,2,25,41,95,5,"TRUE"
52,-75,3,-43,91,-71,12,66,"TRUE"
-66,24,49,61,0,-6,-62,73,"TRUE"
-53,-50,8,-9,99,-44,-37,-73,"FALSE"
-86,13,-6,-18,-95,-45,-18,-27,"TRUE"
58,17,75,-29,53,9,-72,38,"FALSE"
5,14,-73,8,40,99,-29,95,"FALSE"
13,28,86,97,-31,-38,-80,69,"FALSE"
-26,20,99,-61,66,-23,-82,-88,"TRUE"
-84,36,64,29,-97,55,46,-49,"TRUE"
-6,41,21,-87,56,31,-62,-66,"TRUE"
34,-40,-63,-99,36,57,31,-62,"TRUE"
78,31,16,25,58,84,28,-37,"FALSE"
87,70,-59,-28,14,96,-60,73,"FALSE"
-96,-97,-24,59,0,-72,54,64,"FALSE"
-56,-55,-80,-41,63,79,-50,97,"FALSE"
14,7,39,14,54,-5,54,80,"FALSE"
-31,-41,-74,93,-97,-29,-74,74,"FALSE"
11,-50,0,-73,-46,81,29,95,"TRUE"
45,-3,54,56,-95,-7,3,27,"TRUE"
13,94,52,93,-39,-71,-8,12,"FALSE"
-94,-96,42,-46,-40,33,-81,97,"FALSE"
79,3,-57,-63,-71,-9,-52,93,"FALSE"
66,-7,37,-73,-40,70,-49,90,"TRUE"
0,46,-82,-59,18,-84,70,74,"TRUE"
-70,-16,-47,-59,-86,36,-56,-76,"FALSE"
-12,16,75,73,-56,17,29,-74,"TRUE"
72,33,-22,17,26,-64,-88,-92,"FALSE"
9,11,95,88,-26,96,4,-17,"FALSE"
11,79,-52,53,-18,-74,79,39,"FALSE"
61,47,16,88,-49,-26,-90,92,"FALSE"
-49,27,91,33,-73,-91,-44,-95,"TRUE"
-2,34,42,75,-34,10,-12,19,"TRUE"
82,-50,94,50,-25,-64,90,-21,"TRUE"
-22,46,-10,-88,43,-48,-90,-69,"TRUE"
21,1,52,-21,-50,-24,-77,77,"FALSE"
-17,5,17,-27,-73,34,-30,85,"TRUE"
-14,4,-54,-87,5,-5,71,-53,"TRUE"
-18,-37,8,-43,79,99,-42,-6,"FALSE"
-55,62,-22,45,76,-71,1,-16,"TRUE"
-46,-46,35,67,34,-79,87,-40,"FALSE"
-81,-48,88,63,-23,-57,-71,76,"FALSE"
65,71,-97,-61,36,-52,-84,74,"FALSE"
48,-97,-44,-9,96,90,66,87,"TRUE"
-45,-3,-82,-68,94,62,-93,-69,"FALSE"
-89,5,-15,91,22,-60,79,-72,"TRUE"
-42,-47,-92,97,-48,-20,17,49,"FALSE"
-31,3,23,-83,69,-21,-31,-9,"TRUE"
-86,18,34,-54,-76,-93,67,-86,"TRUE"
73,-20,-71,88,3,0,17,-93,"TRUE"
38,0,-30,85,56,-63,65,-93,"TRUE"
-7,-59,-79,-11,94,96,-72,-67,"FALSE"
74,-55,-38,81,-27,48,-22,-29,"TRUE"
24,30,-19,-41,51,65,58,6,"FALSE"
-45,57,-9,-81,68,-98,24,-18,"TRUE"
-83,9,86,-26,82,49,41,-53,"TRUE"
82,43,28,30,-31,-72,-64,39,"FALSE"
93,-11,85,99,-93,-63,-5,-17,"TRUE"
5,-19,-55,-75,-89,98,46,87,"TRUE"
12,-94,96,39,-76,39,-94,-66,"TRUE"
52,85,52,-33,-16,0,23,-58,"FALSE"
99,-23,-61,65,-90,17,23,30,"TRUE"
-2,-63,30,15,-22,-20,-26,47,"FALSE"
98,-33,76,51,52,-3,16,36,"TRUE"
4,-27,27,13,98,-82,78,-74,"TRUE"
7,-88,31,53,-98,-49,20,34,"TRUE"
-45,-25,-17,47,-39,45,48,-98,"FALSE"
65,80,-17,81,24,18,45,-47,"FALSE"
-26,61,-17,-80,-28,44,-43,39,"TRUE"
88,-55,-47,-90,98,-35,34,-79,"TRUE"
37,-77,52,-31,61,-37,24,-55,"TRUE"
-92,-66,-65,8,-64,73,-15,-81,"FALSE"
6,46,-16,50,-36,65,-53,96,"FALSE"
-75,73,36,78,-19,-49,-42,34,"TRUE"